chr1	3738397	3739096	chr1	3738397	3739096	699
chr1	6942797	6943170	chr1	6942797	6943170	373
chr1	6943216	6943462	chr1	6943216	6943462	246
chr1	8007738	8008229	chr1	8007911	8008229	318
chr1	8241769	8242309	.	-1	-1	0
chr1	8724753	8725184	chr1	8724753	8725184	431
chr1	9933063	9933434	chr1	9933063	9933434	371
chr1	11062832	11063190	.	-1	-1	0
chr1	11357109	11357477	chr1	11357109	11357477	368
chr1	11466967	11467389	chr1	11466967	11467471	422
chr1	12468322	12468945	chr1	12468322	12468945	623
chr1	12468993	12469573	chr1	12468993	12469573	580
chr1	12532274	12532646	chr1	12532305	12532646	341
chr1	12582869	12583146	chr1	12582869	12583146	277
chr1	15247594	15247921	chr1	15247556	15247921	327
chr1	15428760	15429031	chr1	15428760	15429031	271
chr1	15429301	15429592	.	-1	-1	0
chr1	15484051	15484302	chr1	15484051	15484302	251
chr1	17728413	17728895	chr1	17728413	17728895	482
chr1	18565212	18565471	chr1	18565212	18565544	259
chr1	19626016	19626695	chr1	19625976	19626659	643
chr1	19795362	19796204	chr1	19795362	19796204	842
chr1	20555972	20556210	chr1	20555901	20556210	238
chr1	20556404	20556691	chr1	20556404	20556799	287
chr1	21068889	21069466	chr1	21068889	21069248	359
chr1	21451103	21451440	.	-1	-1	0
chr1	21742775	21743026	chr1	21742775	21743136	251
chr1	22671614	22672190	chr1	22671614	22672190	576
chr1	24767184	24767579	.	-1	-1	0
chr1	25955992	25956534	chr1	25955992	25956534	542
chr1	30548333	30549089	chr1	30548477	30549089	612
chr1	31614005	31614736	chr1	31614040	31614663	623
chr1	32080663	32081121	chr1	32080771	32081121	350
chr1	35744144	35744707	.	-1	-1	0
chr1	36442143	36442472	chr1	36442143	36442472	329
chr1	36507349	36507736	.	-1	-1	0
chr1	37276902	37277271	chr1	37276638	37277271	369
chr1	37733927	37734449	chr1	37733927	37734190	263
chr1	38659161	38659520	chr1	38659271	38659520	249
chr1	39417120	39417373	.	-1	-1	0
chr1	39493476	39494053	chr1	39493476	39494053	577
chr1	40090661	40090892	.	-1	-1	0
chr1	42016538	42016862	chr1	42016465	42016969	324
chr1	42098304	42098920	chr1	42098304	42098920	616
chr1	42099255	42100040	chr1	42099816	42100040	224
chr1	42100089	42100420	chr1	42100089	42100420	331
chr1	42100467	42100715	.	-1	-1	0
chr1	42100810	42101261	.	-1	-1	0
chr1	42104546	42104832	chr1	42104546	42104832	286
chr1	42104889	42105240	.	-1	-1	0
chr1	42106282	42106942	chr1	42106319	42106942	623
chr1	44022083	44022459	chr1	44022083	44022459	376
chr1	45755316	45755746	chr1	45755316	45755746	430
chr1	45757462	45757822	chr1	45756961	45757822	360
chr1	46995784	46996394	chr1	46995784	46996428	610
chr1	47269014	47269650	.	-1	-1	0
chr1	51559526	51560114	chr1	51559526	51560150	588
chr1	51816943	51817292	.	-1	-1	0
chr1	54254636	54254849	chr1	54254570	54254849	213
chr1	57026756	57026971	.	-1	-1	0
chr1	61381294	61381623	.	-1	-1	0
chr1	61453972	61454594	chr1	61454152	61454594	442
chr1	61734610	61735151	.	-1	-1	0
chr1	61880887	61881410	chr1	61880887	61881410	523
chr1	65221134	65221806	chr1	65221061	65221806	672
chr1	65282537	65283089	chr1	65282537	65283089	552
chr1	66504416	66504875	chr1	66504156	66504875	459
chr1	71686898	71687370	chr1	71686898	71687370	472
chr1	74890862	74891073	chr1	74890862	74891210	211
chr1	77182528	77182847	chr1	77182528	77182847	319
chr1	77182923	77183627	chr1	77182923	77183275	352
chr1	79599296	79600148	chr1	79599296	79600000	704
chr1	81246395	81246812	.	-1	-1	0
chr1	81405085	81405344	.	-1	-1	0
chr1	81405399	81405616	.	-1	-1	0
chr1	85463521	85463951	.	-1	-1	0
chr1	85535893	85536711	chr1	85536038	85536711	673
chr1	88073476	88073724	chr1	88073436	88073724	248
chr1	88531938	88532571	chr1	88531973	88532257	284
chr1	93232787	93233010	chr1	93232787	93233403	223
chr1	94017483	94018265	chr1	94017564	94018078	514
chr1	94563795	94564087	.	-1	-1	0
chr1	100203747	100204434	chr1	100204027	100204334	307
chr1	100668610	100668948	.	-1	-1	0
chr1	100723893	100724551	.	-1	-1	0
chr1	108082734	108083778	.	-1	-1	0
chr1	108099878	108100267	.	-1	-1	0
chr1	108100621	108100949	chr1	108100621	108100914	293
chr1	108280803	108281151	chr1	108280873	108281187	278
chr1	108543340	108543914	chr1	108543340	108543959	574
chr1	109459944	109460405	.	-1	-1	0
chr1	109460539	109460749	.	-1	-1	0
chr1	109482417	109482666	chr1	109482198	109482694	249
chr1	109495420	109495998	chr1	109495420	109495998	578
chr1	109496330	109496639	chr1	109496330	109496639	309
chr1	109584157	109584510	chr1	109584086	109584510	353
chr1	110304325	110304675	.	-1	-1	0
chr1	111857308	111858250	chr1	111857346	111858081	735
chr1	113599647	113600012	chr1	113599683	113600048	329
chr1	114320635	114321480	chr1	114320635	114321480	845
chr1	116058717	116059473	chr1	116058717	116059125	408
chr1	116656272	116656571	chr1	116656272	116656571	299
chr1	117010881	117011138	chr1	117010848	117011138	257
chr1	117018680	117019281	.	-1	-1	0
chr1	117612862	117613422	.	-1	-1	0
chr1	117935978	117936628	chr1	117935978	117936669	650
chr1	118901179	118901436	.	-1	-1	0
chr1	144437847	144438179	.	-1	-1	0
chr1	148255763	148256635	chr1	148255657	148256733	872
chr1	149246983	149247511	chr1	149246684	149247586	528
chr1	150968226	150968510	.	-1	-1	0
chr1	150981558	150982978	chr1	150981593	150982910	1317
chr1	152429653	152429978	chr1	152429653	152430132	325
chr1	154852510	154853192	chr1	154852510	154853192	682
chr1	155369027	155369456	.	-1	-1	0
chr1	158297745	158297993	chr1	158297745	158297993	248
chr1	159355110	159355534	chr1	159354956	159355703	424
chr1	160395356	160395576	.	-1	-1	0
chr1	160395775	160396463	chr1	160395775	160396311	536
chr1	160402015	160402608	chr1	160402015	160402651	593
chr1	160404550	160404971	chr1	160404550	160404971	421
chr1	162984070	162984785	chr1	162984070	162984785	715
chr1	167142744	167143635	chr1	167142814	167143635	821
chr1	167764747	167765897	chr1	167765273	167765751	478
chr1	173414162	173414408	.	-1	-1	0
chr1	175059054	175059312	.	-1	-1	0
chr1	175655730	175656020	.	-1	-1	0
chr1	175676757	175677295	.	-1	-1	0
chr1	175683944	175684391	chr1	175683982	175684391	409
chr1	175684441	175684906	chr1	175684441	175684906	465
chr1	175684953	175685415	chr1	175684953	175685234	281
chr1	175807531	175807906	.	-1	-1	0
chr1	175821176	175821887	chr1	175821282	175821739	457
chr1	176108267	176108585	.	-1	-1	0
chr1	176891590	176892465	chr1	176891590	176891810	220
chr1	176961833	176962140	chr1	176961833	176962252	307
chr1	178403289	178403818	chr1	178402974	178403893	529
chr1	178409781	178410413	chr1	178409781	178410450	632
chr1	179354894	179355202	chr1	179354716	179355202	308
chr1	180480187	180480426	.	-1	-1	0
chr1	180550672	180551327	chr1	180550672	180551327	655
chr1	180869433	180870209	chr1	180869543	180870067	524
chr1	180882297	180882723	chr1	180882297	180882723	426
chr1	181841842	181842158	chr1	181841842	181842158	316
chr1	182644125	182644832	.	-1	-1	0
chr1	182862596	182862844	chr1	182862340	182862844	248
chr1	183141375	183141690	.	-1	-1	0
chr1	183165774	183166094	.	-1	-1	0
chr1	183881464	183882382	chr1	183881464	183882276	812
chr1	184344333	184344665	.	-1	-1	0
chr1	184365488	184365738	.	-1	-1	0
chr1	184388210	184388773	chr1	184388389	184388773	384
chr1	184388826	184389149	chr1	184388826	184389149	323
chr1	185233594	185233871	.	-1	-1	0
chr1	186668207	186668509	.	-1	-1	0
chr1	189663441	189663823	.	-1	-1	0
chr1	195278682	195278903	.	-1	-1	0
chr1	195721523	195722014	chr1	195721523	195722014	491
chr1	198252282	198252903	chr1	198252282	198252903	621
chr1	198342727	198343381	chr1	198342947	198343381	434
chr1	199833829	199834050	chr1	199833864	199834201	186
chr1	200342178	200342430	chr1	200342178	200342430	252
chr1	200342431	200342768	chr1	200342431	200342768	337
chr1	200343553	200344404	chr1	200343553	200344568	851
chr1	200348501	200348893	chr1	200348501	200348893	392
chr1	200367801	200368072	chr1	200367801	200368072	271
chr1	200368433	200368686	chr1	200368433	200368686	253
chr1	200505450	200505968	chr1	200504999	200505968	518
chr1	200570746	200571657	chr1	200570880	200571657	777
chr1	201324715	201325621	chr1	201324679	201325621	906
chr1	202365759	202366019	chr1	202365759	202366019	260
chr1	202366415	202366473	.	-1	-1	0
chr1	202366474	202366628	.	-1	-1	0
chr1	202376962	202377221	.	-1	-1	0
chr1	202615948	202616927	chr1	202615984	202616927	943
chr1	205083763	205084329	chr1	205083763	205084122	359
chr1	205104898	205105430	chr1	205105003	205105356	353
chr1	205135251	205135463	chr1	205135251	205135463	212
chr1	205135509	205136035	chr1	205135509	205135743	234
chr1	205138516	205138848	.	-1	-1	0
chr1	205143217	205144474	chr1	205143248	205144256	1008
chr1	205481221	205481625	.	-1	-1	0
chr1	205556279	205556548	.	-1	-1	0
chr1	207786303	207786624	chr1	207786303	207786624	321
chr1	209353999	209354318	.	-1	-1	0
chr1	209498547	209498924	chr1	209498547	209498924	377
chr1	210168464	210168868	chr1	210168428	210168761	297
chr1	210706921	210707386	chr1	210707067	210707459	319
chr1	210797958	210798245	chr1	210797793	210798365	287
chr1	212224820	212225156	.	-1	-1	0
chr1	212509850	212510270	.	-1	-1	0
chr1	215364357	215364929	chr1	215364432	215364929	497
chr1	216720524	216721374	.	-1	-1	0
chr1	216856647	216857005	chr1	216857004	216857214	1
chr1	217770581	217771566	.	-1	-1	0
chr1	221389183	221389464	.	-1	-1	0
chr1	221909443	221909670	.	-1	-1	0
chr1	223708356	223708758	.	-1	-1	0
chr1	227367932	227368174	chr1	227367932	227368560	242
chr1	227423198	227424235	chr1	227423266	227423984	718
chr1	230184812	230185225	.	-1	-1	0
chr1	230189073	230189942	chr1	230189299	230189908	609
chr1	231907310	231907678	chr1	231907462	231907678	216
chr1	231907772	231908029	.	-1	-1	0
chr1	231917278	231917563	.	-1	-1	0
chr1	232926152	232926453	chr1	232926227	232926453	226
chr1	232926565	232926959	chr1	232926565	232927125	394
chr1	233078048	233078336	chr1	233077993	233078453	288
chr1	233165709	233166144	.	-1	-1	0
chr1	234745162	234745405	.	-1	-1	0
chr1	238666054	238666417	.	-1	-1	0
chr1	244296639	244297310	.	-1	-1	0
chr6	3171785	3172100	chr6	3171785	3172100	315
chr6	3693640	3694149	chr6	3693567	3694407	509
chr6	4434758	4435223	.	-1	-1	0
chr6	6648838	6649235	.	-1	-1	0
chr6	6704080	6704548	chr6	6704080	6704474	394
chr6	7007690	7008128	chr6	7007690	7008165	438
chr6	7506726	7507128	.	-1	-1	0
chr6	10531219	10531779	chr6	10531219	10531779	560
chr6	10531877	10532381	chr6	10531877	10532381	504
chr6	10706548	10706931	chr6	10706548	10706931	383
chr6	11155031	11155391	.	-1	-1	0
chr6	11161811	11162141	.	-1	-1	0
chr6	11498251	11498553	chr6	11498130	11498798	302
chr6	12396536	12396763	chr6	12396536	12396763	227
chr6	12396813	12397456	chr6	12396813	12397456	643
chr6	12439650	12440424	chr6	12439824	12440352	528
chr6	12444508	12444767	.	-1	-1	0
chr6	12451703	12452626	chr6	12451627	12452626	923
chr6	12480093	12480335	.	-1	-1	0
chr6	12524315	12524669	.	-1	-1	0
chr6	12600669	12600967	.	-1	-1	0
chr6	12952676	12952891	.	-1	-1	0
chr6	15144918	15145448	chr6	15144918	15145475	530
chr6	15197832	15198694	chr6	15197795	15198630	798
chr6	15329929	15330399	chr6	15329929	15330399	470
chr6	15564053	15564609	.	-1	-1	0
chr6	16238382	16239223	chr6	16238269	16239083	701
chr6	16874245	16874512	.	-1	-1	0
chr6	17497333	17497699	chr6	17497333	17497699	366
chr6	17580999	17581219	.	-1	-1	0
chr6	17581266	17581732	.	-1	-1	0
chr6	18159959	18160509	.	-1	-1	0
chr6	18161759	18161978	.	-1	-1	0
chr6	18163754	18164449	chr6	18163934	18164403	469
chr6	19134351	19135094	chr6	19134457	19135094	637
chr6	20848789	20849204	.	-1	-1	0
chr6	21041368	21041645	.	-1	-1	0
chr6	21846514	21847283	chr6	21846514	21847283	769
chr6	22529643	22530044	.	-1	-1	0
chr6	30827243	30827492	chr6	30827243	30827492	249
chr6	30827550	30827973	chr6	30827550	30827973	423
chr6	30828071	30828314	.	-1	-1	0
chr6	33892811	33893165	chr6	33892767	33893278	354
chr6	36859707	36860022	.	-1	-1	0
chr6	37178589	37178867	chr6	37178589	37178867	278
chr6	37645859	37646245	chr6	37645859	37646278	386
chr6	38337611	38337982	chr6	38337532	38338090	371
chr6	38512692	38513225	chr6	38512692	38513147	455
chr6	38868168	38868527	chr6	38868168	38868527	359
chr6	39168952	39169634	chr6	39169012	39169670	622
chr6	39171589	39171832	chr6	39171589	39171832	243
chr6	39350634	39351146	.	-1	-1	0
chr6	39351382	39351715	.	-1	-1	0
chr6	40982807	40983601	chr6	40982807	40983669	794
chr6	42302828	42303276	chr6	42302507	42303486	448
chr6	45630138	45631669	chr6	45630617	45631116	499
chr6	48992301	48992559	.	-1	-1	0
chr6	49617677	49618152	chr6	49617677	49618152	475
chr6	49743634	49744252	chr6	49743713	49744106	393
chr6	51816850	51817109	.	-1	-1	0
chr6	53299258	53299550	chr6	53299336	53299550	214
chr6	53299599	53300031	chr6	53299599	53300031	432
chr6	53437328	53439035	chr6	53437328	53438854	1526
chr6	54820299	54820815	chr6	54820299	54820815	516
chr6	56700302	56700558	.	-1	-1	0
chr6	64202835	64203323	chr6	64202835	64203151	316
chr6	64259024	64259313	chr6	64259024	64259279	255
chr6	65540918	65541910	.	-1	-1	0
chr6	65544745	65545184	.	-1	-1	0
chr6	73794192	73795910	chr6	73794583	73795304	721
chr6	73798004	73798616	chr6	73798260	73798616	356
chr6	83335707	83336883	chr6	83336268	83336845	577
chr6	83775234	83775672	.	-1	-1	0
chr6	88340167	88340875	chr6	88340167	88340875	708
chr6	93932288	93932746	.	-1	-1	0
chr6	96751713	96752025	chr6	96751713	96752060	312
chr6	102784778	102785075	.	-1	-1	0
chr6	106182684	106183396	chr6	106182645	106183396	712
chr6	109135251	109135813	chr6	109135286	109135813	527
chr6	112019752	112020326	chr6	112019927	112020326	399
chr6	112020624	112021407	chr6	112020624	112021337	713
chr6	112446896	112447304	chr6	112446896	112447340	408
chr6	113861072	113861957	.	-1	-1	0
chr6	116985853	116986268	.	-1	-1	0
chr6	120046090	120046571	chr6	120046090	120046476	386
chr6	122396242	122396673	.	-1	-1	0
chr6	122972327	122972957	chr6	122972517	122972957	440
chr6	122983670	122984910	chr6	122983670	122984693	1023
chr6	122985168	122986062	chr6	122985234	122986062	828
chr6	122986112	122986404	.	-1	-1	0
chr6	125517596	125518094	.	-1	-1	0
chr6	125560519	125561463	chr6	125560626	125561463	837
chr6	125564632	125565379	chr6	125564800	125565379	579
chr6	125567823	125568282	chr6	125567745	125568282	459
chr6	125947302	125947929	chr6	125947302	125947929	627
chr6	126080306	126081162	chr6	126080424	126081162	738
chr6	133256607	133257096	.	-1	-1	0
chr6	134479996	134480954	chr6	134480208	134480847	639
chr6	135536591	135537029	.	-1	-1	0
chr6	135573721	135574741	chr6	135573766	135574637	871
chr6	135575246	135575689	.	-1	-1	0
chr6	136928782	136929403	chr6	136928819	136929226	407
chr6	137766500	137766794	chr6	137766425	137766898	294
chr6	138831833	138832258	.	-1	-1	0
chr6	138945272	138945711	chr6	138945272	138945711	439
chr6	140219264	140219562	.	-1	-1	0
chr6	140242843	140243098	.	-1	-1	0
chr6	148996568	148996977	.	-1	-1	0
chr6	149133234	149133757	chr6	149133371	149133757	386
chr6	149133803	149134097	chr6	149133803	149134097	294
chr6	149442910	149443208	chr6	149442910	149443283	298
chr6	151995790	151996277	.	-1	-1	0
chr6	151996545	151997011	.	-1	-1	0
chr6	152021107	152021383	chr6	152021107	152021347	240
chr6	152169915	152170201	.	-1	-1	0
chr6	154813042	154813509	chr6	154813110	154813509	399
chr6	157115455	157115851	chr6	157115267	157115851	396
chr6	157189581	157190541	chr6	157189617	157190541	924
chr6	158326863	158327340	chr6	158326933	158327340	407
chr6	164155323	164155824	.	-1	-1	0
chr6	167453701	167454347	chr6	167453701	167454064	363
chr6	170182216	170182572	.	-1	-1	0
chr3	3653658	3654227	.	-1	-1	0
chr3	4704919	4705315	.	-1	-1	0
chr3	4730261	4731137	chr3	4730482	4731173	655
chr3	5271059	5271695	.	-1	-1	0
chr3	8473344	8473809	chr3	8473344	8473809	465
chr3	13492343	13492951	chr3	13492343	13492951	608
chr3	15309393	15310173	chr3	15309393	15310173	780
chr3	15647448	15647671	.	-1	-1	0
chr3	18177821	18178103	chr3	18177821	18178103	282
chr3	20202996	20203358	chr3	20202956	20203358	362
chr3	24285425	24285748	chr3	24285425	24285748	323
chr3	29457082	29457411	chr3	29457082	29457449	329
chr3	30371209	30371949	chr3	30371209	30371949	740
chr3	31768888	31769560	.	-1	-1	0
chr3	32126826	32127329	.	-1	-1	0
chr3	33675478	33675958	.	-1	-1	0
chr3	39055183	39055469	.	-1	-1	0
chr3	39436264	39436671	chr3	39436264	39436613	349
chr3	39999534	40000005	.	-1	-1	0
chr3	42560907	42561184	chr3	42560947	42561184	237
chr3	42561231	42561582	chr3	42561231	42561582	351
chr3	43201719	43202190	chr3	43201857	43202190	333
chr3	43202238	43202712	chr3	43202238	43202712	474
chr3	46682032	46682593	chr3	46682101	46682593	492
chr3	46682639	46683063	.	-1	-1	0
chr3	47459834	47460843	chr3	47459906	47460644	738
chr3	50617476	50618623	chr3	50617476	50618480	1004
chr3	52441503	52442016	chr3	52441503	52442016	513
chr3	52442062	52442440	.	-1	-1	0
chr3	53528024	53528687	chr3	53528024	53528687	663
chr3	54362713	54363060	.	-1	-1	0
chr3	54363214	54363457	.	-1	-1	0
chr3	54363527	54364233	.	-1	-1	0
chr3	58001953	58002616	chr3	58001953	58002616	663
chr3	58057588	58058020	chr3	58057588	58057950	362
chr3	58349368	58349871	chr3	58349474	58349696	222
chr3	58427780	58428052	.	-1	-1	0
chr3	59963107	59963602	.	-1	-1	0
chr3	61588525	61588930	.	-1	-1	0
chr3	61967879	61968577	.	-1	-1	0
chr3	63873887	63874526	chr3	63873856	63874526	639
chr3	63874581	63875291	chr3	63874581	63875291	710
chr3	63893171	63893530	chr3	63893429	63893530	101
chr3	63893753	63894538	chr3	63893753	63894318	565
chr3	63897363	63897940	.	-1	-1	0
chr3	64451838	64452215	chr3	64451978	64452215	237
chr3	64462188	64462556	.	-1	-1	0
chr3	65649855	65650526	chr3	65649971	65650526	555
chr3	66548937	66549612	chr3	66548937	66549612	675
chr3	66549785	66550014	.	-1	-1	0
chr3	66562240	66562526	chr3	66562240	66562526	286
chr3	66608102	66609626	chr3	66608312	66609592	1280
chr3	66609924	66610169	.	-1	-1	0
chr3	66610216	66610623	chr3	66610216	66610580	364
chr3	67651146	67651700	.	-1	-1	0
chr3	67664586	67665227	.	-1	-1	0
chr3	71242479	71243213	chr3	71242593	71243213	620
chr3	71340434	71340935	chr3	71340434	71340761	327
chr3	71516214	71516711	.	-1	-1	0
chr3	97118068	97118417	.	-1	-1	0
chr3	97394426	97394850	.	-1	-1	0
chr3	100121066	100121366	.	-1	-1	0
chr3	101305146	101305759	chr3	101305254	101305759	505
chr3	101305805	101306138	chr3	101305805	101306172	333
chr3	103364493	103365397	.	-1	-1	0
chr3	103382003	103382683	.	-1	-1	0
chr3	105015552	105015836	.	-1	-1	0
chr3	105812263	105812500	.	-1	-1	0
chr3	106948083	106948326	.	-1	-1	0
chr3	107887379	107887660	.	-1	-1	0
chr3	109025968	109027507	chr3	109025968	109026462	494
chr3	109187944	109189246	chr3	109187944	109189210	1266
chr3	114738320	114738801	.	-1	-1	0
chr3	121862643	121863976	.	-1	-1	0
chr3	125963411	125963822	.	-1	-1	0
chr3	126038859	126039569	.	-1	-1	0
chr3	126264488	126265202	chr3	126264488	126265082	594
chr3	130864606	130865014	.	-1	-1	0
chr3	134654288	134654908	.	-1	-1	0
chr3	134662609	134663239	.	-1	-1	0
chr3	142143072	142143495	chr3	142143072	142143307	235
chr3	151438619	151439445	chr3	151438619	151439553	826
chr3	151642644	151643151	chr3	151642683	151642950	267
chr3	151937785	151938077	chr3	151937785	151938077	292
chr3	151938132	151938948	chr3	151938132	151938533	401
chr3	151948482	151949175	.	-1	-1	0
chr3	151956493	151957533	chr3	151956776	151957533	757
chr3	152044691	152045871	chr3	152044691	152045738	1047
chr3	157742557	157743096	chr3	157742667	157743096	429
chr3	158012946	158013693	chr3	158013018	158013693	675
chr3	162524205	162524671	.	-1	-1	0
chr3	162524717	162525027	.	-1	-1	0
chr3	162539854	162540241	chr3	162539854	162540241	387
chr3	162602978	162603805	chr3	162602978	162603738	760
chr3	162612611	162612993	.	-1	-1	0
chr3	162613088	162613565	chr3	162613088	162613420	332
chr3	163008846	163009183	.	-1	-1	0
chr3	163021884	163022492	.	-1	-1	0
chr3	170153993	170154593	chr3	170153993	170154523	530
chr3	170283844	170284386	chr3	170284092	170284386	294
chr3	170284448	170284890	chr3	170284448	170284689	241
chr3	170306191	170306650	.	-1	-1	0
chr3	172818726	172819171	.	-1	-1	0
chr3	173342684	173343224	.	-1	-1	0
chr3	173356933	173357425	.	-1	-1	0
chr3	173499051	173499267	.	-1	-1	0
chr3	176327374	176328174	chr3	176327517	176328092	575
chr3	176336295	176337460	chr3	176336619	176337275	656
chr3	178056147	178056288	.	-1	-1	0
chr3	178056632	178056962	.	-1	-1	0
chr3	178154161	178154583	chr3	178154161	178154547	386
chr3	179583069	179583392	.	-1	-1	0
chr3	183039172	183039642	.	-1	-1	0
chr3	183051236	183051870	chr3	183051534	183051830	296
chr3	183725387	183726057	chr3	183725387	183725914	527
chr3	184491963	184492492	.	-1	-1	0
chr3	187973189	187973896	chr3	187973189	187973951	707
chr3	189009289	189009775	.	-1	-1	0
chr3	189236590	189237472	chr3	189236983	189237297	314
chr3	189483214	189483703	chr3	189483214	189483703	489
chr3	189483750	189484178	chr3	189483750	189484178	428
chr3	189880387	189880599	.	-1	-1	0
chr3	190299034	190299629	chr3	190299034	190299629	595
chr3	190299679	190299892	chr3	190299679	190299892	213
chr3	190299939	190300828	.	-1	-1	0
chr3	190504870	190505556	chr3	190504870	190505415	545
chr3	190512085	190512452	.	-1	-1	0
chr3	190658785	190659487	.	-1	-1	0
chr3	190764402	190765056	chr3	190764506	190765056	550
chr3	191042972	191043794	chr3	191042972	191043860	822
chr3	191144900	191145516	chr3	191144900	191145134	234
chr3	191786918	191787347	chr3	191786886	191787383	429
chr3	193797963	193798418	chr3	193797963	193798418	455
chr3	194052323	194053010	chr3	194052323	194052828	505
chr3	195071245	195071628	.	-1	-1	0
chr3	195079795	195079991	chr3	195079942	195079991	49
chr3	195080119	195080715	chr3	195080119	195080715	596
chr3	195359141	195360119	chr3	195359204	195360119	915
chr3	195696277	195696587	.	-1	-1	0
chr3	195696936	195697290	chr3	195696936	195697290	354
chr3	197122733	197123146	chr3	197122733	197123183	413
chr3	197498413	197498948	chr3	197498413	197498948	535
chr3	197498994	197499181	chr3	197498994	197499289	187
chr3	198563871	198564600	chr3	198563835	198564600	729
chr21	15299592	15300137	chr21	15299592	15299977	385
chr21	15486491	15486914	.	-1	-1	0
chr21	15494101	15494788	chr21	15494212	15494504	292
chr21	15503639	15505002	.	-1	-1	0
chr21	15636618	15637264	.	-1	-1	0
chr21	21532896	21533407	.	-1	-1	0
chr21	29672824	29673340	.	-1	-1	0
chr21	31823514	31824452	chr21	31823514	31824304	790
chr21	35022589	35023149	chr21	35022589	35023149	560
chr21	35023199	35023348	.	-1	-1	0
chr21	35028489	35029532	chr21	35028489	35029250	761
chr21	36482378	36482940	.	-1	-1	0
chr21	38433638	38434691	chr21	38433699	38434527	828
chr21	40614702	40615143	.	-1	-1	0
chr21	40618175	40618786	chr21	40618245	40618786	541
chr21	40618842	40619118	.	-1	-1	0
chr21	40634087	40634665	.	-1	-1	0
chr21	40634712	40634860	.	-1	-1	0
chr21	40676201	40676831	chr21	40676306	40676831	525
chr21	41615849	41616149	chr21	41615921	41616149	228
chr21	41616198	41616423	chr21	41616198	41616423	225
chr21	41616472	41616706	.	-1	-1	0
chr21	42350081	42350400	chr21	42350081	42350400	319
chr21	42350574	42350978	chr21	42350574	42351037	404
chr21	42556147	42556472	chr21	42556109	42556472	325
chr21	42659564	42660180	chr21	42659564	42660180	616
chr21	42668980	42669927	chr21	42668980	42669927	947
chr21	42670022	42670226	chr21	42670022	42670157	135
chr21	44953994	44954291	chr21	44953994	44954291	297
chr21	44954338	44954727	chr21	44954338	44954727	389
chr21	44954800	44954852	chr21	44954800	44954852	52
chr22	19571802	19572364	chr22	19571802	19572458	562
chr22	19601001	19601340	chr22	19601001	19601220	219
chr22	21864351	21864965	.	-1	-1	0
chr22	22827058	22827803	chr22	22827200	22827803	603
chr22	23029134	23029748	chr22	23029093	23029785	614
chr22	23078055	23078553	.	-1	-1	0
chr22	23251506	23251860	.	-1	-1	0
chr22	27539646	27540098	chr22	27539646	27540098	452
chr22	27544744	27544911	.	-1	-1	0
chr22	27545431	27545760	chr22	27545431	27545760	329
chr22	27548586	27549341	chr22	27548885	27549341	456
chr22	28111406	28112097	chr22	28111406	28112097	691
chr22	28112354	28112396	chr22	28112354	28112396	42
chr22	28242865	28243985	chr22	28242865	28243985	1120
chr22	28524525	28525767	chr22	28524561	28525398	837
chr22	30305948	30306493	.	-1	-1	0
chr22	30311533	30311675	.	-1	-1	0
chr22	30311857	30312765	chr22	30311857	30312657	800
chr22	36295922	36296724	chr22	36295961	36296746	763
chr22	39458424	39459143	chr22	39458424	39459143	719
chr22	41460344	41460747	chr22	41460344	41460747	403
chr22	41719639	41720343	chr22	41719736	41720239	503
chr22	42117387	42117942	chr22	42117387	42117942	555
chr22	45240169	45240414	.	-1	-1	0
chr22	45240462	45240792	.	-1	-1	0
chr22	45266499	45266988	chr22	45266499	45266988	489
chr22	45517437	45517930	.	-1	-1	0
chr22	49182126	49182624	chr22	49182219	49182624	405
chrX	9135045	9135517	chrX	9135045	9135477	432
chrX	9196912	9197723	.	-1	-1	0
chrX	12916906	12917190	.	-1	-1	0
chrX	12957065	12957861	chrX	12957144	12957861	717
chrX	12958211	12958498	.	-1	-1	0
chrX	16545066	16545965	chrX	16545172	16545822	650
chrX	16590069	16590730	chrX	16590105	16590730	625
chrX	21901626	21901720	.	-1	-1	0
chrX	21901912	21902607	.	-1	-1	0
chrX	22045406	22046134	chrX	22045823	22046134	311
chrX	22063234	22063542	.	-1	-1	0
chrX	23042025	23042459	.	-1	-1	0
chrX	31517505	31517773	.	-1	-1	0
chrX	39639113	39639728	.	-1	-1	0
chrX	40322015	40322444	.	-1	-1	0
chrX	46537138	46537644	.	-1	-1	0
chrX	66831575	66832293	chrX	66831936	66832293	357
chrX	66832444	66832687	chrX	66832444	66832687	243
chrX	69356921	69357244	.	-1	-1	0
chrX	81955183	81955735	.	-1	-1	0
chrX	84499496	84500436	chrX	84499671	84500036	365
chrX	85511736	85512275	.	-1	-1	0
chrX	95548541	95549580	chrX	95548803	95549207	404
chrX	95549581	95550049	.	-1	-1	0
chrX	97973693	97973980	.	-1	-1	0
chrX	99887227	99888333	chrX	99887357	99888150	793
chrX	106856558	106857160	.	-1	-1	0
chrX	115429515	115430290	.	-1	-1	0
chrX	118112147	118112506	.	-1	-1	0
chrX	121233855	121234101	.	-1	-1	0
chrX	121234873	121235300	.	-1	-1	0
chrX	122302239	122302785	.	-1	-1	0
chrX	122307895	122308281	.	-1	-1	0
chrX	129734230	129734742	.	-1	-1	0
chrX	131142582	131142872	.	-1	-1	0
chrX	131142918	131143613	.	-1	-1	0
chrX	134993028	134994066	.	-1	-1	0
chrX	135129002	135129413	.	-1	-1	0
chrX	139401554	139402506	chrX	139401733	139402506	773
chrX	141848498	141848898	.	-1	-1	0
chrX	142001806	142002249	.	-1	-1	0
chrX	153039915	153040887	chrX	153039915	153040743	828
chrX	153422222	153422832	chrX	153422262	153422832	570
chrX	153423168	153423468	chrX	153423168	153423475	300
